1.bmp	1	28	46	84	84
2.bmp	1	28	46	84	84
3.bmp	1	28	46	84	84
4.bmp	1	28	46	84	84
5.bmp	1	28	46	84	84
6.bmp	1	28	46	84	84
7.bmp	1	28	46	84	84
8.bmp	1	28	46	84	84
9.bmp	1	28	46	84	84
10.bmp	1	28	46	84	84
11.bmp	1	28	46	84	84
12.bmp	1	28	46	84	84
13.bmp	1	28	46	84	84
14.bmp	1	28	46	84	84
15.bmp	1	28	46	84	84
16.bmp	1	28	46	84	84
17.bmp	1	28	46	84	84
18.bmp	1	28	46	84	84
19.bmp	1	28	46	84	84
20.bmp	1	28	46	84	84
21.bmp	1	28	46	84	84
22.bmp	1	28	46	84	84
23.bmp	1	28	46	84	84
24.bmp	1	28	46	84	84
25.bmp	1	28	46	84	84
26.bmp	1	28	46	84	84
27.bmp	1	28	46	84	84
28.bmp	1	28	46	84	84
29.bmp	1	28	46	84	84
30.bmp	1	28	46	84	84
31.bmp	1	28	46	84	84
32.bmp	1	28	46	84	84
33.bmp	1	28	46	84	84
34.bmp	1	28	46	84	84
35.bmp	1	28	46	84	84
36.bmp	1	28	46	84	84
37.bmp	1	28	46	84	84
38.bmp	1	28	46	84	84
39.bmp	1	28	46	84	84
40.bmp	1	28	46	84	84
41.bmp	1	28	46	84	84
42.bmp	1	28	46	84	84
43.bmp	1	28	46	84	84
44.bmp	1	28	46	84	84
45.bmp	1	28	46	84	84
46.bmp	1	28	46	84	84
47.bmp	1	28	46	84	84
48.bmp	1	28	46	84	84
49.bmp	1	28	46	84	84
50.bmp	1	28	46	84	84
51.bmp	1	28	46	84	84
52.bmp	1	28	46	84	84
53.bmp	1	28	46	84	84
54.bmp	1	28	46	84	84
55.bmp	1	28	46	84	84
56.bmp	1	28	46	84	84
57.bmp	1	28	46	84	84
58.bmp	1	28	46	84	84
59.bmp	1	28	46	84	84
60.bmp	1	28	46	84	84
61.bmp	1	28	46	84	84
62.bmp	1	28	46	84	84
63.bmp	1	28	46	84	84
64.bmp	1	28	46	84	84
65.bmp	1	28	46	84	84
66.bmp	1	28	46	84	84
67.bmp	1	28	46	84	84
68.bmp	1	28	46	84	84
69.bmp	1	28	46	84	84
70.bmp	1	28	46	84	84
71.bmp	1	28	46	84	84
72.bmp	1	28	46	84	84
73.bmp	1	28	46	84	84
74.bmp	1	28	46	84	84
75.bmp	1	28	46	84	84
76.bmp	1	28	46	84	84
77.bmp	1	28	46	84	84
78.bmp	1	28	46	84	84
79.bmp	1	28	46	84	84
80.bmp	1	28	46	84	84
81.bmp	1	28	46	84	84
82.bmp	1	28	46	84	84
83.bmp	1	28	46	84	84
84.bmp	1	28	46	84	84
85.bmp	1	28	46	84	84
86.bmp	1	28	46	84	84
87.bmp	1	28	46	84	84
88.bmp	1	28	46	84	84
89.bmp	1	28	46	84	84
90.bmp	1	28	46	84	84
91.bmp	1	28	46	84	84
92.bmp	1	28	46	84	84
93.bmp	1	28	46	84	84
94.bmp	1	28	46	84	84
95.bmp	1	28	46	84	84
96.bmp	1	28	46	84	84
97.bmp	1	28	46	84	84
98.bmp	1	28	46	84	84
99.bmp	1	28	46	84	84
100.bmp	1	28	46	84	84