1.bmp 1 56 129 139 130
2.bmp 1 51 124 134 136
3.bmp 1 44 130 144 144
4.bmp 1 59 116 140 136
5.bmp 1 41 103 133 130
6.bmp 1 49 123 129 129
7.bmp 1 57 97 145 138
8.bmp 1 67 114 140 141
9.bmp 1 57 135 148 142
10.bmp 1 58 135 148 145
11.bmp 1 62 130 136 139
12.bmp 1 70 135 135 136
13.bmp 1 67 125 132 143
14.bmp 1 67 124 132 143
15.bmp 1 49 122 138 138
16.bmp 1 60 122 135 122
17.bmp 1 28 120 140 138
18.bmp 1 45 113 138 136
19.bmp 1 50 116 147 149
20.bmp 1 48 143 148 141
21.bmp 1 86 215 132 123
22.bmp 1 89 236 130 128
23.bmp 1 66 127 139 152
24.bmp 1 53 121 143 155
25.bmp 1 54 113 151 140
26.bmp 1 54 130 151 139
27.bmp 1 48 114 147 141
28.bmp 1 57 130 146 142
29.bmp 1 62 120 133 124
30.bmp 1 71 134 130 121
31.bmp 1 66 109 148 146
32.bmp 1 58 126 146 139
33.bmp 1 52 135 146 147
34.bmp 1 43 156 145 139
35.bmp 1 42 101 142 150
36.bmp 1 48 121 139 147
37.bmp 1 20 124 164 155
38.bmp 1 44 130 167 161
39.bmp 1 45 139 159 158
40.bmp 1 62 139 152 148
41.bmp 1 30 161 138 141
42.bmp 1 48 157 140 139
43.bmp 1 70 153 125 123
44.bmp 1 63 162 126 124
45.bmp 1 54 120 136 129
46.bmp 1 48 124 140 128
47.bmp 1 29 129 146 144
48.bmp 1 41 135 154 149
49.bmp 1 48 144 147 133
50.bmp 1 69 140 146 137
51.bmp 1 60 111 146 118
52.bmp 1 38 130 145 120
53.bmp 1 47 135 149 153
54.bmp 1 43 121 149 147
55.bmp 1 62 121 149 144
56.bmp 1 62 101 152 143
57.bmp 1 49 125 140 139
58.bmp 1 54 117 151 151
59.bmp 1 48 133 123 125
60.bmp 1 69 130 126 126
61.bmp 1 57 135 122 114
62.bmp 1 66 142 126 118
63.bmp 1 45 139 124 117
64.bmp 1 63 147 135 132
65.bmp 1 95 219 119 115
66.bmp 1 94 211 115 117
67.bmp 1 69 131 116 113
68.bmp 1 63 134 116 113
69.bmp 1 56 132 140 141
70.bmp 1 45 126 141 142
71.bmp 1 54 133 130 125
72.bmp 1 62 133 139 132
73.bmp 1 48 109 141 133
74.bmp 1 32 125 139 131
75.bmp 1 51 122 135 118
76.bmp 1 62 121 132 121
77.bmp 1 59 120 143 135
78.bmp 1 61 116 144 134
79.bmp 1 57 124 136 129
80.bmp 1 43 123 134 130
81.bmp 1 53 130 122 117
82.bmp 1 71 133 119 119
83.bmp 1 70 132 126 129
84.bmp 1 77 142 122 131
85.bmp 1 49 132 125 117
86.bmp 1 63 135 124 117
87.bmp 1 57 159 132 119
88.bmp 1 58 139 128 121
89.bmp 1 62 123 123 129
90.bmp 1 62 113 125 130
91.bmp 1 50 129 129 115
92.bmp 1 61 130 128 120
93.bmp 1 50 125 124 119
94.bmp 1 59 130 125 122
95.bmp 1 45 138 123 115
96.bmp 1 58 129 122 114
97.bmp 1 56 116 123 116
98.bmp 1 61 142 123 111
99.bmp 1 58 125 127 116
100.bmp 1 54 130 129 121